  #time                     mass                      x-momentum                y-momentum                z-momentum                E_total                   E_kinetic                 E_internal                MagEnergy                
  0.000000000000000000E+00  9.999999999999961142E-01  6.689550089895472196E-13  0.000000000000000000E+00  0.000000000000000000E+00  2.500000000250113263E-01  2.500033948271563115E-11  2.500000000000109912E-01  0.000000000000000000E+00
  1.928053161470982130E-02  1.000000000000000000E+00  6.689550193657008235E-13  0.000000000000000000E+00  0.000000000000000000E+00  7.500000000250166554E-01  2.286504458982604673E-11  2.500000000017905122E-01  5.000000000003619327E-01
  3.890775483017250985E-02  1.000000000000004219E+00  6.689550282595467696E-13  0.000000000000000000E+00  0.000000000000000000E+00  7.500000000250180987E-01  1.706567158215767343E-11  2.500000000066236461E-01  5.000000000013270496E-01
  #time                     mass                      x-momentum                y-momentum                z-momentum                E_total                   E_kinetic                 E_internal                MagEnergy                
  0.000000000000000000E+00  9.999999999999900080E-01  6.689549676966910410E-13  0.000000000000000000E+00  0.000000000000000000E+00  2.500000000250054977E-01  2.500033948271572485E-11  2.500000000000138778E-01  0.000000000000000000E+00
  1.928053161470982130E-02  9.999999999999933387E-01  6.689549943782288795E-13  0.000000000000000000E+00  0.000000000000000000E+00  7.500000000250228727E-01  2.286504458982555882E-11  2.500000000017937873E-01  5.000000000003737011E-01
  3.890775483017250985E-02  1.000000000000011324E+00  6.689549880254817751E-13  0.000000000000000000E+00  0.000000000000000000E+00  7.500000000250206522E-01  1.706567158215776067E-11  2.500000000066239236E-01  5.000000000013196111E-01
  5.853496118282770083E-02  9.999999999999817923E-01  6.689551447265770171E-13  0.000000000000000000E+00  0.000000000000000000E+00  7.500000000250195420E-01  9.654662679247234292E-12  2.500000000127953204E-01  5.000000000025712765E-01
  7.816215215657983106E-02  1.000000000000001776E+00  6.689549937429541690E-13  0.000000000000000000E+00  0.000000000000000000E+00  7.500000000250274246E-01  3.255719218359939850E-12  2.500000000181313853E-01  5.000000000036313175E-01
  9.778933348882412613E-02  9.999999999999883427E-01  6.689550106571433345E-13  0.000000000000000000E+00  0.000000000000000000E+00  7.500000000250052201E-01  1.342272212721199687E-13  2.500000000207352469E-01  5.000000000041493475E-01
  1.174165130088078990E-01  9.999999999999891198E-01  6.689550367298762422E-13  0.000000000000000000E+00  0.000000000000000000E+00  7.500000000250092169E-01  1.395259524506270294E-12  2.500000000196807015E-01  5.000000000039408476E-01
  1.370436989028713803E-01  1.000000000000012212E+00  6.689550638349305543E-13  0.000000000000000000E+00  0.000000000000000000E+00  7.500000000250014454E-01  6.592360285221941521E-12  2.500000000153509983E-01  5.000000000030666580E-01
  1.566708980529152029E-01  1.000000000000003331E+00  6.689550443531727675E-13  0.000000000000000000E+00  0.000000000000000000E+00  7.500000000250164334E-01  1.388560374081080561E-11  2.500000000092716390E-01  5.000000000018529622E-01
  1.762981141072363367E-01  9.999999999999962252E-01  6.689550744228423950E-13  0.000000000000000000E+00  0.000000000000000000E+00  7.500000000250267584E-01  2.069297191488575642E-11  2.500000000036024517E-01  5.000000000007273071E-01
  1.959253450092365290E-01  9.999999999999881206E-01  6.689550384239421367E-13  0.000000000000000000E+00  0.000000000000000000E+00  7.500000000250151011E-01  2.460445628945443738E-11  2.500000000003443357E-01  5.000000000000675016E-01
  2.155525813530598245E-01  9.999999999999851230E-01  6.689548893461434199E-13  0.000000000000000000E+00  0.000000000000000000E+00  7.500000000250222065E-01  2.423527505259520453E-11  2.500000000006459833E-01  5.000000000001397771E-01
  2.351798102796665291E-01  9.999999999999893419E-01  6.689550570586669763E-13  0.000000000000000000E+00  0.000000000000000000E+00  7.500000000250228727E-01  1.971613547330192447E-11  2.500000000044196313E-01  5.000000000008799628E-01
  2.548070235262564487E-01  1.000000000000003997E+00  6.689550532470187136E-13  0.000000000000000000E+00  0.000000000000000000E+00  7.500000000249991139E-01  1.264695396800700038E-11  2.500000000103039799E-01  5.000000000020682345E-01
  2.744342201471472453E-01  9.999999999999896749E-01  6.689550032720748256E-13  0.000000000000000000E+00  0.000000000000000000E+00  7.500000000250104382E-01  5.530422683648921427E-12  2.500000000162402869E-01  5.000000000032497338E-01
  2.940614044733355636E-01  9.999999999999880096E-01  6.689549824138884995E-13  0.000000000000000000E+00  0.000000000000000000E+00  7.500000000250255372E-01  8.859791128357407359E-13  2.500000000201028083E-01  5.000000000040258907E-01
  3.136885837205061756E-01  1.000000000000003331E+00  6.689550092013054564E-13  0.000000000000000000E+00  0.000000000000000000E+00  7.500000000250087728E-01  3.578633252846557020E-13  2.500000000205422901E-01  5.000000000041094905E-01
  3.333157661280068407E-01  1.000000000000016875E+00  6.689550111071295877E-13  0.000000000000000000E+00  0.000000000000000000E+00  7.500000000250095500E-01  4.133024168151007213E-12  2.500000000174059100E-01  5.000000000034899861E-01
  3.529429593083133754E-01  1.000000000000015987E+00  6.689550193657008235E-13  0.000000000000000000E+00  0.000000000000000000E+00  7.500000000250176546E-01  1.087493962596250006E-11  2.500000000117858501E-01  5.000000000023577806E-01
  3.725701684679419423E-01  1.000000000000034417E+00  6.689551379503134391E-13  0.000000000000000000E+00  0.000000000000000000E+00  7.500000000250142129E-01  1.819677790540725092E-11  2.500000000056804561E-01  5.000000000011369794E-01
  3.921973941493968607E-01  1.000000000000004219E+00  6.689550291065797169E-13  0.000000000000000000E+00  0.000000000000000000E+00  7.500000000250035548E-01  2.350639519147629934E-11  2.500000000012573276E-01  5.000000000002482459E-01
  4.118246298480015000E-01  1.000000000000018208E+00  6.689549181452636266E-13  0.000000000000000000E+00  0.000000000000000000E+00  7.500000000250165444E-01  2.492402884943410558E-11  2.500000000000799361E-01  5.000000000000144329E-01
  4.314518631393520209E-01  9.999999999999766853E-01  6.689550409650409785E-13  0.000000000000000000E+00  0.000000000000000000E+00  7.500000000250284238E-01  2.194779761863189844E-11  2.500000000025534019E-01  5.000000000005111467E-01
  4.510790831587167538E-01  9.999999999999829026E-01  6.689550507059198719E-13  0.000000000000000000E+00  0.000000000000000000E+00  7.500000000250213184E-01  1.563138413346948163E-11  2.500000000078115847E-01  5.000000000015636381E-01
  4.707062861470026616E-01  9.999999999999995559E-01  6.689549829432840915E-13  0.000000000000000000E+00  0.000000000000000000E+00  7.500000000250290899E-01  8.210985656099985515E-12  2.500000000139971368E-01  5.000000000028027580E-01
  4.903334746413109957E-01  9.999999999999982236E-01  6.689549890842729591E-13  0.000000000000000000E+00  0.000000000000000000E+00  7.500000000250131027E-01  2.313623995622560075E-12  2.500000000189163685E-01  5.000000000037845282E-01
  5.099606549520045995E-01  1.000000000000015321E+00  6.689550118383572492E-13  0.000000000000000000E+00  0.000000000000000000E+00  7.500000000250144350E-01  2.710930918948422427E-14  2.500000000208295048E-01  5.000000000041517900E-01
  5.295878351110530069E-01  9.999999999999958922E-01  6.689549952252618267E-13  0.000000000000000000E+00  0.000000000000000000E+00  7.500000000250106602E-01  2.160909973615914702E-12  2.500000000190470972E-01  5.000000000038101744E-01
  5.492150231798813564E-01  1.000000000000002665E+00  6.689549431327355706E-13  0.000000000000000000E+00  0.000000000000000000E+00  7.500000000249991139E-01  7.959587713006654493E-12  2.500000000142076351E-01  5.000000000028451685E-01
  5.688422255636532698E-01  9.999999999999745759E-01  6.689550015780089311E-13  0.000000000000000000E+00  0.000000000000000000E+00  7.500000000250245380E-01  1.537024257463741986E-11  2.500000000080361273E-01  5.000000000016022739E-01
  5.884694449814971140E-01  1.000000000000017986E+00  6.689548948518575771E-13  0.000000000000000000E+00  0.000000000000000000E+00  7.500000000250305332E-01  2.176928895312017155E-11  2.500000000027107205E-01  5.000000000005481171E-01
  6.080966779432284142E-01  1.000000000000003997E+00  6.689549283096589936E-13  0.000000000000000000E+00  0.000000000000000000E+00  7.500000000250182097E-01  2.489127529918740839E-11  2.500000000000964784E-01  5.000000000000157652E-01
  6.277239137915867628E-01  9.999999999999806821E-01  6.689550227538326125E-13  0.000000000000000000E+00  0.000000000000000000E+00  7.500000000250162113E-01  2.363092632567403351E-11  2.500000000011531331E-01  5.000000000002361444E-01
  6.473511400023852502E-01  9.999999999999980016E-01  6.689549926841629850E-13  0.000000000000000000E+00  0.000000000000000000E+00  7.500000000250190979E-01  1.843445036267439080E-11  2.500000000054858895E-01  5.000000000010969003E-01
  6.669783497941524919E-01  1.000000000000014211E+00  6.689549948017453531E-13  0.000000000000000000E+00  0.000000000000000000E+00  7.500000000250073295E-01  1.114155915508527209E-11  2.500000000115571996E-01  5.000000000023081537E-01
  6.866055434895145249E-01  9.999999999999972244E-01  6.689549719318557772E-13  0.000000000000000000E+00  0.000000000000000000E+00  7.500000000250184318E-01  4.334140783890165226E-12  2.500000000172312720E-01  5.000000000034465764E-01
  7.062327261671890177E-01  1.000000000000003997E+00  6.689550068190252923E-13  0.000000000000000000E+00  0.000000000000000000E+00  7.500000000250048870E-01  4.221952379690810145E-13  2.500000000205003792E-01  5.000000000041000536E-01
  7.258599053858678651E-01  1.000000000000006661E+00  6.689550113188878246E-13  0.000000000000000000E+00  0.000000000000000000E+00  7.500000000250173215E-01  7.906376410546861007E-13  2.500000000201830774E-01  5.000000000040383252E-01
  7.454870893901954787E-01  1.000000000000010214E+00  6.689550130129537191E-13  0.000000000000000000E+00  0.000000000000000000E+00  7.500000000250102161E-01  5.309011985399424261E-12  2.500000000164182556E-01  5.000000000032900349E-01
  7.651142854637960067E-01  1.000000000000002442E+00  6.689551523498735424E-13  0.000000000000000000E+00  0.000000000000000000E+00  7.500000000250088839E-01  1.237767941278128936E-11  2.500000000105331299E-01  5.000000000021034285E-01
  7.847414980809247487E-01  9.999999999999702460E-01  6.689550295300961905E-13  0.000000000000000000E+00  0.000000000000000000E+00  7.500000000250086618E-01  1.949412861881899937E-11  2.500000000046028736E-01  5.000000000009178214E-01
  8.043687265356144200E-01  9.999999999999935607E-01  6.689550748463588686E-13  0.000000000000000000E+00  0.000000000000000000E+00  7.500000000250242049E-01  2.413892842215363710E-11  2.500000000007315260E-01  5.000000000001485478E-01
  8.239959628310355999E-01  9.999999999999751310E-01  6.689549482149332541E-13  0.000000000000000000E+00  0.000000000000000000E+00  7.500000000250095500E-01  2.466768122060131731E-11  2.500000000002898792E-01  5.000000000000577316E-01
  8.436231941427013714E-01  1.000000000000012879E+00  6.689549918371300377E-13  0.000000000000000000E+00  0.000000000000000000E+00  7.500000000250107712E-01  2.089319749965759816E-11  2.500000000034360292E-01  5.000000000006853407E-01
  8.632504108214286154E-01  9.999999999999864553E-01  6.689550557881175554E-13  0.000000000000000000E+00  0.000000000000000000E+00  7.500000000250154342E-01  1.415176454720660791E-11  2.500000000090520369E-01  5.000000000018265389E-01
  8.828776105553175491E-01  1.000000000000013101E+00  6.689549619792186470E-13  0.000000000000000000E+00  0.000000000000000000E+00  7.500000000250264254E-01  6.830045615285935270E-12  2.500000000151503254E-01  5.000000000030343505E-01
  9.025047968292432277E-01  1.000000000000014433E+00  6.689550248714149806E-13  0.000000000000000000E+00  0.000000000000000000E+00  7.500000000250269805E-01  1.520123644035279439E-12  2.500000000195732874E-01  5.000000000039175330E-01
  9.221319764447837297E-01  1.000000000000002442E+00  6.689550170628299981E-13  0.000000000000000000E+00  0.000000000000000000E+00  7.500000000250177656E-01  1.018373955969063527E-13  2.500000000207583950E-01  5.000000000041524562E-01
  9.417591575705085427E-01  1.000000000000028644E+00  6.689550096248219301E-13  0.000000000000000000E+00  0.000000000000000000E+00  7.500000000250102161E-01  3.077279361555529403E-12  2.500000000182852067E-01  5.000000000036659564E-01
  9.613863480766893232E-01  1.000000000000011990E+00  6.689550337652609268E-13  0.000000000000000000E+00  0.000000000000000000E+00  7.500000000250006682E-01  9.393048621523363784E-12  2.500000000130166433E-01  5.000000000026125768E-01
  9.810135538108670783E-01  9.999999999999849010E-01  6.689550070837230883E-13  0.000000000000000000E+00  0.000000000000000000E+00  7.500000000250111043E-01  1.681318089591211115E-11  2.500000000068352546E-01  5.000000000013691270E-01
  1.000640776458594061E+00  1.000000000000000000E+00  6.689550329182279795E-13  0.000000000000000000E+00  0.000000000000000000E+00  7.500000000250073295E-01  2.271073445383664528E-11  2.500000000019190205E-01  5.000000000003865797E-01
  1.020268011035462719E+00  1.000000000000002665E+00  6.689550185186678762E-13  0.000000000000000000E+00  0.000000000000000000E+00  7.500000000250126586E-01  2.499780025355390326E-11  2.500000000000115463E-01  5.000000000000044409E-01
  1.039895245857675343E+00  1.000000000000024869E+00  6.689550634114140807E-13  0.000000000000000000E+00  0.000000000000000000E+00  7.500000000250035548E-01  2.286469081708456822E-11  2.500000000017896795E-01  5.000000000003613776E-01
  1.059522469080078855E+00  1.000000000000011102E+00  6.689549520265815168E-13  0.000000000000000000E+00  0.000000000000000000E+00  7.500000000249982257E-01  1.706659839788646295E-11  2.500000000066290307E-01  5.000000000013251622E-01
  1.079149675439237122E+00  9.999999999999884537E-01  6.689550227538326125E-13  0.000000000000000000E+00  0.000000000000000000E+00  7.500000000250199861E-01  9.656222315527930526E-12  2.500000000127943212E-01  5.000000000025689451E-01
  1.098776866418602838E+00  1.000000000000015099E+00  6.689550416003156889E-13  0.000000000000000000E+00  0.000000000000000000E+00  7.500000000250108823E-01  3.257039881340196771E-12  2.500000000181304971E-01  5.000000000036242120E-01
  1.118404047756082598E+00  9.999999999999890088E-01  6.689550117688740778E-13  0.000000000000000000E+00  0.000000000000000000E+00  7.500000000250149901E-01  1.345217201770245368E-13  2.500000000207340256E-01  5.000000000041511239E-01
  1.138031227281144808E+00  9.999999999999731326E-01  6.689550143893822584E-13  0.000000000000000000E+00  0.000000000000000000E+00  7.500000000250141019E-01  1.394103951979278361E-12  2.500000000196805905E-01  5.000000000039401815E-01
  1.157658413179618595E+00  1.000000000000000000E+00  6.689550085660307460E-13  0.000000000000000000E+00  0.000000000000000000E+00  7.500000000250199861E-01  6.589844098103254321E-12  2.500000000153565494E-01  5.000000000030794256E-01
  1.177285612332413356E+00  9.999999999999966693E-01  6.689550773874577104E-13  0.000000000000000000E+00  0.000000000000000000E+00  7.500000000250204302E-01  1.388229809844299894E-11  2.500000000092734709E-01  5.000000000018516300E-01
  1.196912828387436623E+00  9.999999999999942268E-01  6.689550193657008235E-13  0.000000000000000000E+00  0.000000000000000000E+00  7.500000000250167664E-01  2.068972747412410326E-11  2.500000000036053938E-01  5.000000000007293055E-01
  1.216540059289789033E+00  1.000000000000000444E+00  6.689548508061443199E-13  0.000000000000000000E+00  0.000000000000000000E+00  7.500000000250105492E-01  2.460210203386084789E-11  2.500000000003432810E-01  5.000000000000737188E-01
  1.236167295637014441E+00  9.999999999999995559E-01  6.689549549911968322E-13  0.000000000000000000E+00  0.000000000000000000E+00  7.500000000250176546E-01  2.423432479867364055E-11  2.500000000006514234E-01  5.000000000001282308E-01
  1.255794524570136739E+00  1.000000000000009326E+00  6.689550418120739257E-13  0.000000000000000000E+00  0.000000000000000000E+00  7.500000000250257592E-01  1.971660597633359653E-11  2.500000000044109716E-01  5.000000000008796297E-01
  1.275421737823559498E+00  1.000000000000006661E+00  6.689549346624060980E-13  0.000000000000000000E+00  0.000000000000000000E+00  7.500000000250166554E-01  1.264835901111996251E-11  2.500000000103083653E-01  5.000000000020649038E-01
  1.295048934450378608E+00  1.000000000000014211E+00  6.689550553646010818E-13  0.000000000000000000E+00  0.000000000000000000E+00  7.500000000250068855E-01  5.531945213342503380E-12  2.500000000162350133E-01  5.000000000032487346E-01
  1.314676118781890723E+00  9.999999999999977796E-01  6.689550342946565188E-13  0.000000000000000000E+00  0.000000000000000000E+00  7.500000000250193199E-01  8.867604818484887255E-13  2.500000000201053618E-01  5.000000000040304426E-01
  1.334303298034220431E+00  9.999999999999847899E-01  6.689550125364976862E-13  0.000000000000000000E+00  0.000000000000000000E+00  7.500000000250275356E-01  3.573072622455923370E-13  2.500000000205496176E-01  5.000000000041093795E-01
  1.353930480446504436E+00  1.000000000000004219E+00  6.689550286830632433E-13  0.000000000000000000E+00  0.000000000000000000E+00  7.500000000250195420E-01  4.131007883330166555E-12  2.500000000173991932E-01  5.000000000034887648E-01
  1.373557673630338094E+00  9.999999999999997780E-01  6.689549355094390453E-13  0.000000000000000000E+00  0.000000000000000000E+00  7.500000000250147680E-01  1.087185730317363649E-11  2.500000000117825749E-01  5.000000000023665514E-01
  1.393184882791415502E+00  9.999999999999920064E-01  6.689549524500979904E-13  0.000000000000000000E+00  0.000000000000000000E+00  7.500000000250337528E-01  1.819340115232411041E-11  2.500000000056848415E-01  5.000000000011365353E-01
  1.412812108472988326E+00  1.000000000000005995E+00  6.689549295802084145E-13  0.000000000000000000E+00  0.000000000000000000E+00  7.500000000250062193E-01  2.350359984828425136E-11  2.500000000012599921E-01  5.000000000002511324E-01
  1.432439344173468188E+00  1.000000000000006439E+00  6.689550024250418784E-13  0.000000000000000000E+00  0.000000000000000000E+00  7.500000000250157672E-01  2.492248489587753160E-11  2.500000000000792144E-01  5.000000000000139888E-01
  1.452066577470394249E+00  1.000000000000007994E+00  6.689550523999857664E-13  0.000000000000000000E+00  0.000000000000000000E+00  7.500000000250266474E-01  2.194773199045557829E-11  2.500000000025570657E-01  5.000000000005186962E-01
  1.471693797496747669E+00  1.000000000000007105E+00  6.689549566852627267E-13  0.000000000000000000E+00  0.000000000000000000E+00  7.500000000250048870E-01  1.563250041362528120E-11  2.500000000078210771E-01  5.000000000015641932E-01
  1.491321000491340198E+00  1.000000000000001554E+00  6.689549984016353789E-13  0.000000000000000000E+00  0.000000000000000000E+00  7.500000000250190979E-01  8.212569028804569421E-12  2.500000000140035761E-01  5.000000000028028690E-01
  1.510948188991144026E+00  9.999999999999984457E-01  6.689550337652609268E-13  0.000000000000000000E+00  0.000000000000000000E+00  7.500000000250039989E-01  2.314794289989354136E-12  2.500000000189163130E-01  5.000000000037800874E-01
  1.530575369307041633E+00  1.000000000000007550E+00  6.689550060514016838E-13  0.000000000000000000E+00  0.000000000000000000E+00  7.500000000249952281E-01  2.713257332804015636E-14  2.500000000208295603E-01  5.000000000041613379E-01
  1.550202549471100033E+00  9.999999999999982236E-01  6.689550211656458364E-13  0.000000000000000000E+00  0.000000000000000000E+00  7.500000000250117704E-01  2.159458316669147812E-12  2.500000000190462091E-01  5.000000000038203885E-01
  1.569829737544092163E+00  9.999999999999917843E-01  6.689550032720748256E-13  0.000000000000000000E+00  0.000000000000000000E+00  7.500000000250253152E-01  7.956855419600138172E-12  2.500000000142125756E-01  5.000000000028396174E-01
  1.589456939930228074E+00  9.999999999999955591E-01  6.689549020516376288E-13  0.000000000000000000E+00  0.000000000000000000E+00  7.500000000250144350E-01  1.536687733993729265E-11  2.500000000080409013E-01  5.000000000016084911E-01
  1.609084159348431742E+00  9.999999999999965583E-01  6.689551061865779170E-13  0.000000000000000000E+00  0.000000000000000000E+00  7.500000000250253152E-01  2.176616255834383150E-11  2.500000000027140512E-01  5.000000000005379031E-01
  1.628711392310880912E+00  9.999999999999971134E-01  6.689550070837230883E-13  0.000000000000000000E+00  0.000000000000000000E+00  7.500000000250348631E-01  2.488917494212884766E-11  2.500000000001039169E-01  5.000000000000239808E-01
  1.648338628163424913E+00  1.000000000000003553E+00  6.689551299035004402E-13  0.000000000000000000E+00  0.000000000000000000E+00  7.500000000250238719E-01  2.363027592648121252E-11  2.500000000011551871E-01  5.000000000002329248E-01
  1.667965854381011415E+00  1.000000000000014655E+00  6.689549850608664597E-13  0.000000000000000000E+00  0.000000000000000000E+00  7.500000000250270915E-01  1.843516052042044407E-11  2.500000000054799498E-01  5.000000000011047829E-01
  1.687593064179462532E+00  9.999999999999820144E-01  6.689548791817480529E-13  0.000000000000000000E+00  0.000000000000000000E+00  7.500000000250075516E-01  1.114305883302804524E-11  2.500000000115645271E-01  5.000000000023062663E-01
  1.707220257880584624E+00  1.000000000000024869E+00  6.689550003074595103E-13  0.000000000000000000E+00  0.000000000000000000E+00  7.500000000250167664E-01  4.335579457487047273E-12  2.500000000172334369E-01  5.000000000034631187E-01
  1.726847440563536118E+00  9.999999999999888978E-01  6.689550113718273838E-13  0.000000000000000000E+00  0.000000000000000000E+00  7.500000000250259813E-01  4.227439589745669219E-13  2.500000000204981032E-01  5.000000000040957238E-01
  1.746474619787340865E+00  9.999999999999857891E-01  6.689550050720198386E-13  0.000000000000000000E+00  0.000000000000000000E+00  7.500000000250166554E-01  7.897824947226875780E-13  2.500000000201877959E-01  5.000000000040285553E-01
  1.766101803796285674E+00  1.000000000000030642E+00  6.689549981898771421E-13  0.000000000000000000E+00  0.000000000000000000E+00  7.500000000250345300E-01  5.306736064187428874E-12  2.500000000164263603E-01  5.000000000032851499E-01
  1.785728999873035017E+00  9.999999999999963363E-01  6.689550278360302960E-13  0.000000000000000000E+00  0.000000000000000000E+00  7.500000000250108823E-01  1.237446883890204854E-11  2.500000000105377373E-01  5.000000000021224134E-01
  1.805356212491224799E+00  9.999999999999993339E-01  6.689550409650409785E-13  0.000000000000000000E+00  0.000000000000000000E+00  7.500000000250111043E-01  1.949080043401057005E-11  2.500000000046009863E-01  5.000000000009261480E-01
  1.824983440946079227E+00  1.000000000000001110E+00  6.689550744228423950E-13  0.000000000000000000E+00  0.000000000000000000E+00  7.500000000250137688E-01  2.413634128521250963E-11  2.500000000007360224E-01  5.000000000001589839E-01
  1.844610677244116426E+00  9.999999999999920064E-01  6.689549905665806168E-13  0.000000000000000000E+00  0.000000000000000000E+00  7.500000000250144350E-01  2.466643139452281261E-11  2.500000000002986500E-01  5.000000000000572875E-01
  1.864237908561889201E+00  1.000000000000018208E+00  6.689551362562475446E-13  0.000000000000000000E+00  0.000000000000000000E+00  7.500000000250190979E-01  2.089340778760904230E-11  2.500000000034338088E-01  5.000000000006971090E-01
  1.883865125247559780E+00  9.999999999999746869E-01  6.689550244478985070E-13  0.000000000000000000E+00  0.000000000000000000E+00  7.500000000250065524E-01  1.415304086946484918E-11  2.500000000090580876E-01  5.000000000018133273E-01
  1.903492324987558160E+00  1.000000000000007105E+00  6.689550775992159472E-13  0.000000000000000000E+00  0.000000000000000000E+00  7.500000000250243160E-01  6.831616530048116003E-12  2.500000000151498813E-01  5.000000000030340175E-01
  1.923119511266882187E+00  9.999999999999963363E-01  6.689549992486683262E-13  0.000000000000000000E+00  0.000000000000000000E+00  7.500000000250264254E-01  1.521113407588859187E-12  2.500000000195810590E-01  5.000000000039227510E-01
  1.942746690887602323E+00  9.999999999999782396E-01  6.689550032191352664E-13  0.000000000000000000E+00  0.000000000000000000E+00  7.500000000250132137E-01  1.015759619202646810E-13  2.500000000207618367E-01  5.000000000041636694E-01
  1.962373872018238874E+00  9.999999999999948930E-01  6.689550195774590603E-13  0.000000000000000000E+00  0.000000000000000000E+00  7.500000000250350851E-01  3.075539620968013748E-12  2.500000000182885929E-01  5.000000000036520786E-01
  1.982001062528284230E+00  1.000000000000009992E+00  6.689549723553722509E-13  0.000000000000000000E+00  0.000000000000000000E+00  7.500000000250176546E-01  9.390126859318880965E-12  2.500000000130200295E-01  5.000000000025989211E-01
  2.001628268264372235E+00  9.999999999999797939E-01  6.689549160276812585E-13  0.000000000000000000E+00  0.000000000000000000E+00  7.500000000249993359E-01  1.680979191249442491E-11  2.500000000068399175E-01  5.000000000013680168E-01
  2.021255490912277519E+00  1.000000000000009992E+00  6.689550477413045565E-13  0.000000000000000000E+00  0.000000000000000000E+00  7.500000000250284238E-01  2.270775845709416759E-11  2.500000000019217961E-01  5.000000000003890221E-01
  2.040882725490383631E+00  1.000000000000000888E+00  6.689549626144933574E-13  0.000000000000000000E+00  0.000000000000000000E+00  7.500000000250233168E-01  2.499597119146487746E-11  2.500000000000147660E-01  5.000000000000026645E-01
  2.060509960317518541E+00  9.999999999999880096E-01  6.689549833668005652E-13  0.000000000000000000E+00  0.000000000000000000E+00  7.500000000249998910E-01  2.286433655256750715E-11  2.500000000017957302E-01  5.000000000003592682E-01
  2.080137183546856949E+00  9.999999999999988898E-01  6.689550574821834499E-13  0.000000000000000000E+00  0.000000000000000000E+00  7.500000000250339749E-01  1.706752469956326949E-11  2.500000000066266992E-01  5.000000000013209434E-01
  2.099764389912512907E+00  9.999999999999951150E-01  6.689550079307560355E-13  0.000000000000000000E+00  0.000000000000000000E+00  7.500000000250208743E-01  9.657781655840256425E-12  2.500000000127990396E-01  5.000000000025580649E-01
  2.119391580897500571E+00  9.999999999999817923E-01  6.689549958605365372E-13  0.000000000000000000E+00  0.000000000000000000E+00  7.500000000250246490E-01  3.258360636630463364E-12  2.500000000181282767E-01  5.000000000036248782E-01
  2.139018762240213700E+00  1.000000000000000000E+00  6.689550029809072500E-13  0.000000000000000000E+00  0.000000000000000000E+00  7.500000000250217624E-01  1.348166859976776222E-13  2.500000000207323603E-01  5.000000000041485704E-01
  2.158645941770354515E+00  9.999999999999995559E-01  6.689550231773490861E-13  0.000000000000000000E+00  0.000000000000000000E+00  7.500000000250306442E-01  1.392949035287114032E-12  2.500000000196876959E-01  5.000000000039445114E-01
  2.178273127673239884E+00  1.000000000000005551E+00  6.689549579558121475E-13  0.000000000000000000E+00  0.000000000000000000E+00  7.500000000250102161E-01  6.587328520214687374E-12  2.500000000153600466E-01  5.000000000030632163E-01
  2.197900326828794881E+00  9.999999999999917843E-01  6.689550324947115059E-13  0.000000000000000000E+00  0.000000000000000000E+00  7.500000000250068855E-01  1.387899285296258295E-11  2.500000000092835739E-01  5.000000000018505197E-01
  2.217527542884510705E+00  1.000000000000005551E+00  6.689550087777889828E-13  0.000000000000000000E+00  0.000000000000000000E+00  7.500000000250028886E-01  2.068648314305089033E-11  2.500000000036062264E-01  5.000000000007237544E-01
  2.237154773787217721E+00  1.000000000000020206E+00  6.689550066602066147E-13  0.000000000000000000E+00  0.000000000000000000E+00  7.500000000250340859E-01  2.459974759078786793E-11  2.500000000003502199E-01  5.000000000000837108E-01
  2.256782010137832195E+00  1.000000000000000222E+00  6.689550312241620850E-13  0.000000000000000000E+00  0.000000000000000000E+00  7.500000000250348631E-01  2.423337411079100014E-11  2.500000000006560308E-01  5.000000000001354472E-01
  2.276409239077463287E+00  9.999999999999864553E-01  6.689550655289964488E-13  0.000000000000000000E+00  0.000000000000000000E+00  7.500000000250086618E-01  1.971707594028898152E-11  2.500000000044146353E-01  5.000000000008828493E-01
  2.296036452337725464E+00  9.999999999999820144E-01  6.689550913635013401E-13  0.000000000000000000E+00  0.000000000000000000E+00  7.500000000250209853E-01  1.264976363846564379E-11  2.500000000103033693E-01  5.000000000020685675E-01
  2.315663648970470057E+00  9.999999999999888978E-01  6.689549943782288795E-13  0.000000000000000000E+00  0.000000000000000000E+00  7.500000000250139909E-01  5.533467667211225467E-12  2.500000000162386771E-01  5.000000000032620573E-01
  2.335290833307304581E+00  9.999999999999855671E-01  6.689550126953163639E-13  0.000000000000000000E+00  0.000000000000000000E+00  7.500000000250116594E-01  8.875421817745250206E-13  2.500000000201089145E-01  5.000000000040190073E-01
  2.354918012564793717E+00  1.000000000000001332E+00  6.689550313300412034E-13  0.000000000000000000E+00  0.000000000000000000E+00  7.500000000250184318E-01  3.567518089326593654E-13  2.500000000205550577E-01  5.000000000041151527E-01
  2.374545194981864338E+00  9.999999999999871214E-01  6.689550238126237966E-13  0.000000000000000000E+00  0.000000000000000000E+00  7.500000000250053311E-01  4.128992253402677975E-12  2.500000000174086301E-01  5.000000000034787728E-01
  2.394172388169228061E+00  9.999999999999980016E-01  6.689550667995458697E-13  0.000000000000000000E+00  0.000000000000000000E+00  7.500000000250071075E-01  1.086877547537076783E-11  2.500000000117933441E-01  5.000000000023610003E-01
  2.413799597331777846E+00  1.000000000000011990E+00  6.689550744228423950E-13  0.000000000000000000E+00  0.000000000000000000E+00  7.500000000250095500E-01  1.819002462590341160E-11  2.500000000056906146E-01  5.000000000011384227E-01
  2.433426823013461249E+00  1.000000000000008882E+00  6.689549964958112476E-13  0.000000000000000000E+00  0.000000000000000000E+00  7.500000000250228727E-01  2.350080443283535639E-11  2.500000000012649326E-01  5.000000000002524647E-01
  2.453054058715820052E+00  1.000000000000004885E+00  6.689549672731745673E-13  0.000000000000000000E+00  0.000000000000000000E+00  7.500000000250180987E-01  2.492094059671280341E-11  2.500000000000822120E-01  5.000000000000137668E-01
  2.472681292018317656E+00  9.999999999999755751E-01  6.689551243977862830E-13  0.000000000000000000E+00  0.000000000000000000E+00  7.500000000250206522E-01  2.194766584849641905E-11  2.500000000025600633E-01  5.000000000005064837E-01
  2.492308512051657932E+00  9.999999999999826805E-01  6.689551243977862830E-13  0.000000000000000000E+00  0.000000000000000000E+00  7.500000000250119925E-01  1.563361621259647965E-11  2.500000000078216322E-01  5.000000000015724089E-01
  2.511935715052559637E+00  1.000000000000011324E+00  6.689550390592168471E-13  0.000000000000000000E+00  0.000000000000000000E+00  7.500000000250045540E-01  8.214152187311142451E-12  2.500000000140100154E-01  5.000000000027969849E-01
  2.531562903557866395E+00  1.000000000000000888E+00  6.689550314359203219E-13  0.000000000000000000E+00  0.000000000000000000E+00  7.500000000250266474E-01  2.315964768945611539E-12  2.500000000189310789E-01  5.000000000037894132E-01
  2.551190083878972281E+00  1.000000000000005329E+00  6.689550123081958372E-13  0.000000000000000000E+00  0.000000000000000000E+00  7.500000000250235388E-01  2.715636107157295233E-14  2.500000000208296713E-01  5.000000000041584514E-01
  2.570817264048038009E+00  1.000000000000001332E+00  6.689550276242720592E-13  0.000000000000000000E+00  0.000000000000000000E+00  7.500000000250127696E-01  2.158007313123037520E-12  2.500000000190550908E-01  5.000000000038101744E-01
  2.590444452125193919E+00  9.999999999999937828E-01  6.689550130129537191E-13  0.000000000000000000E+00  0.000000000000000000E+00  7.500000000250217624E-01  7.954123682818051252E-12  2.500000000142211243E-01  5.000000000028431701E-01
  2.610071654513680617E+00  1.000000000000013101E+00  6.689550701876776587E-13  0.000000000000000000E+00  0.000000000000000000E+00  7.500000000250270915E-01  1.536351242341225915E-11  2.500000000080547791E-01  5.000000000016124879E-01
  2.629698873932266867E+00  1.000000000000004219E+00  6.689549643085592519E-13  0.000000000000000000E+00  0.000000000000000000E+00  7.500000000250153231E-01  2.176303619344609852E-11  2.500000000027138292E-01  5.000000000005457856E-01
  2.649326106895432353E+00  1.000000000000019762E+00  6.689549130630659431E-13  0.000000000000000000E+00  0.000000000000000000E+00  7.500000000250148791E-01  2.488707433425727002E-11  2.500000000001140754E-01  5.000000000000159872E-01
  2.668953342752158342E+00  1.000000000000000888E+00  6.689549757435040399E-13  0.000000000000000000E+00  0.000000000000000000E+00  7.500000000250155452E-01  2.362962506428617671E-11  2.500000000011600165E-01  5.000000000002287059E-01
  2.688580568976539187E+00  1.000000000000021316E+00  6.689550172481184553E-13  0.000000000000000000E+00  0.000000000000000000E+00  7.500000000250295340E-01  1.843587016452454714E-11  2.500000000054916072E-01  5.000000000010972334E-01
  2.708207778781677622E+00  1.000000000000013545E+00  6.689550536705351873E-13  0.000000000000000000E+00  0.000000000000000000E+00  7.500000000250240939E-01  1.114455817614995723E-11  2.500000000115582544E-01  5.000000000023094859E-01
  2.727834972488559551E+00  9.999999999999942268E-01  6.689550324947115059E-13  0.000000000000000000E+00  0.000000000000000000E+00  7.500000000250042209E-01  4.337018159312428189E-12  2.500000000172346581E-01  5.000000000034469094E-01
  2.747462155176778165E+00  9.999999999999931166E-01  6.689550213774040732E-13  0.000000000000000000E+00  0.000000000000000000E+00  7.500000000250297560E-01  4.232930895278984726E-13  2.500000000204998241E-01  5.000000000041048276E-01
  2.767089334405703038E+00  9.999999999999853451E-01  6.689549975546024317E-13  0.000000000000000000E+00  0.000000000000000000E+00  7.500000000250223176E-01  7.889279753765640724E-13  2.500000000201942907E-01  5.000000000040414339E-01
  2.786716518419265487E+00  9.999999999999966693E-01  6.689550121659207718E-13  0.000000000000000000E+00  0.000000000000000000E+00  7.500000000250190979E-01  5.304460752695025750E-12  2.500000000164315228E-01  5.000000000032842618E-01
  2.806343714499166087E+00  9.999999999999962252E-01  6.689549545676803585E-13  0.000000000000000000E+00  0.000000000000000000E+00  7.500000000250257592E-01  1.237125868014830466E-11  2.500000000105401798E-01  5.000000000021023183E-01
  2.825970927118408582E+00  9.999999999999882316E-01  6.689549986133936157E-13  0.000000000000000000E+00  0.000000000000000000E+00  7.500000000250214294E-01  1.948747239141222717E-11  2.500000000046093684E-01  5.000000000009292567E-01
  2.845598155573428212E+00  1.000000000000003997E+00  6.689551091511932324E-13  0.000000000000000000E+00  0.000000000000000000E+00  7.500000000250106602E-01  2.413375400715232109E-11  2.500000000007395751E-01  5.000000000001486589E-01
  2.865225391874074656E+00  1.000000000000001776E+00  6.689549774375699344E-13  0.000000000000000000E+00  0.000000000000000000E+00  7.500000000250124366E-01  2.466518118294991492E-11  2.500000000002987610E-01  5.000000000000587308E-01
  2.884852623197954546E+00  1.000000000000016209E+00  6.689550579056999235E-13  0.000000000000000000E+00  0.000000000000000000E+00  7.500000000250111043E-01  2.089361756380674402E-11  2.500000000034356962E-01  5.000000000006882273E-01
  2.904479839890569792E+00  9.999999999999991118E-01  6.689550867048201302E-13  0.000000000000000000E+00  0.000000000000000000E+00  7.500000000250108823E-01  1.415431676208416520E-11  2.500000000090535357E-01  5.000000000018144375E-01
  2.924107039636688832E+00  9.999999999999991118E-01  6.689550206362502444E-13  0.000000000000000000E+00  0.000000000000000000E+00  7.500000000250205412E-01  6.833187315173907325E-12  2.500000000151542667E-01  5.000000000030319081E-01
  2.943734225921422087E+00  9.999999999999791278E-01  6.689550026368001152E-13  0.000000000000000000E+00  0.000000000000000000E+00  7.500000000250296450E-01  1.522103437985840486E-12  2.500000000195842231E-01  5.000000000039127590E-01
  2.963361405547332073E+00  1.000000000000008438E+00  6.689550134629399723E-13  0.000000000000000000E+00  0.000000000000000000E+00  7.500000000250204302E-01  1.013150959552157892E-13  2.500000000207732165E-01  5.000000000041643355E-01
  2.982988586682878474E+00  1.000000000000003997E+00  6.689550032720748256E-13  0.000000000000000000E+00  0.000000000000000000E+00  7.500000000250235388E-01  3.073800527075011232E-12  2.500000000182906468E-01  5.000000000036514125E-01
  3.002615777196789626E+00  1.000000000000015099E+00  6.689549935311959322E-13  0.000000000000000000E+00  0.000000000000000000E+00  7.500000000250180987E-01  9.387205610529232331E-12  2.500000000130290778E-01  5.000000000026162406E-01
  3.022242982934790323E+00  9.999999999999935607E-01  6.689549990369100894E-13  0.000000000000000000E+00  0.000000000000000000E+00  7.500000000250189869E-01  1.680640318974687920E-11  2.500000000068441919E-01  5.000000000013579138E-01
  3.041870205582866582E+00  9.999999999999960032E-01  6.689550409650409785E-13  0.000000000000000000E+00  0.000000000000000000E+00  7.500000000250155452E-01  2.270478243395877346E-11  2.500000000019348412E-01  5.000000000003755884E-01
  3.061497440162203265E+00  9.999999999999739098E-01  6.689549147571318376E-13  0.000000000000000000E+00  0.000000000000000000E+00  7.500000000250097720E-01  2.499414183197122436E-11  2.500000000000261458E-01  5.000000000000157652E-01
  3.081124674994263124E+00  9.999999999999991118E-01  6.689550422355903993E-13  0.000000000000000000E+00  0.000000000000000000E+00  7.500000000250206522E-01  2.286398180192072339E-11  2.500000000017986168E-01  5.000000000003536060E-01
  3.100751898230552417E+00  1.000000000000014655E+00  6.689548342890018484E-13  0.000000000000000000E+00  0.000000000000000000E+00  7.500000000250101051E-01  1.706845050299388281E-11  2.500000000066298078E-01  5.000000000013290480E-01
  3.120379104602710285E+00  1.000000000000014655E+00  6.689549820962511443E-13  0.000000000000000000E+00  0.000000000000000000E+00  7.500000000250335308E-01  9.659340717037186557E-12  2.500000000128044797E-01  5.000000000025597302E-01
  3.140006295593308128E+00  1.000000000000005773E+00  6.689550062366901410E-13  0.000000000000000000E+00  0.000000000000000000E+00  7.500000000250087728E-01  3.259681493908792782E-12  2.500000000181293314E-01  5.000000000036322056E-01
  3.159633476941255736E+00  9.999999999999913403E-01  6.689550134894097519E-13  0.000000000000000000E+00  0.000000000000000000E+00  7.500000000250206522E-01  1.351121190859711674E-13  2.500000000207434625E-01  5.000000000041529002E-01
  3.179260656476470270E+00  9.999999999999964473E-01  6.689549963899321292E-13  0.000000000000000000E+00  0.000000000000000000E+00  7.500000000250244270E-01  1.391794767179675959E-12  2.500000000196924144E-01  5.000000000039399595E-01
  3.198887842383756119E+00  9.999999999999973355E-01  6.689549827315258547E-13  0.000000000000000000E+00  0.000000000000000000E+00  7.500000000250144350E-01  6.584813542056757162E-12  2.500000000153609347E-01  5.000000000030716540E-01
  3.218515041542069355E+00  9.999999999999981126E-01  6.689550888224024983E-13  0.000000000000000000E+00  0.000000000000000000E+00  7.500000000250133247E-01  1.387568799620516705E-11  2.500000000092858499E-01  5.000000000018678392E-01
