  #time                     mass                      x-momentum                y-momentum                z-momentum                E_total                   E_kinetic                 E_internal                MagEnergy                
  0.000000000000000000E+00  9.999999999999986677E-01  6.689556783573337873E-13  0.000000000000000000E+00  0.000000000000000000E+00  2.500000000250116594E-01  2.500033963765934240E-11  2.500000000000113243E-01  0.000000000000000000E+00
  3.852179771461972796E-02  9.999999999999995559E-01  6.689556794161249714E-13  0.000000000000000000E+00  0.000000000000000000E+00  7.500000000250153231E-01  1.720316273434579547E-11  2.500000000064991346E-01  5.000000000013136159E-01
  7.777619568139039485E-02  1.000000000000000000E+00  6.689556733810152222E-13  0.000000000000000000E+00  0.000000000000000000E+00  7.500000000250155452E-01  3.355801697379639717E-12  2.500000000180262472E-01  5.000000000036335379E-01
  #time                     mass                      x-momentum                y-momentum                z-momentum                E_total                   E_kinetic                 E_internal                MagEnergy                
  0.000000000000000000E+00  1.000000000000005995E+00  6.689557393437059896E-13  0.000000000000000000E+00  0.000000000000000000E+00  2.500000000250112153E-01  2.500033963765932948E-11  2.500000000000110467E-01  0.000000000000000000E+00
  3.852179771461972796E-02  9.999999999999962252E-01  6.689556694634878412E-13  0.000000000000000000E+00  0.000000000000000000E+00  7.500000000250162113E-01  1.720316273434588595E-11  2.500000000064980799E-01  5.000000000013166135E-01
  7.777619568139039485E-02  9.999999999999955591E-01  6.689556622637077895E-13  0.000000000000000000E+00  0.000000000000000000E+00  7.500000000250158783E-01  3.355801697379669605E-12  2.500000000180273574E-01  5.000000000036298742E-01
  1.170305566479432485E-01  1.000000000000008660E+00  6.689556676635428282E-13  0.000000000000000000E+00  0.000000000000000000E+00  7.500000000250165444E-01  1.328430066702606880E-12  2.500000000197128425E-01  5.000000000039741543E-01
  1.562849412067236765E-01  1.000000000000002220E+00  6.689556584520595268E-13  0.000000000000000000E+00  0.000000000000000000E+00  7.500000000250148791E-01  1.373697940537316528E-11  2.500000000093851593E-01  5.000000000018941515E-01
  1.955393876201719505E-01  9.999999999999935607E-01  6.689556643812901576E-13  0.000000000000000000E+00  0.000000000000000000E+00  7.500000000250137688E-01  2.456417985809923674E-11  2.500000000003762546E-01  5.000000000000764944E-01
  2.347938531960921948E-01  9.999999999999986677E-01  6.689556482876641598E-13  0.000000000000000000E+00  0.000000000000000000E+00  7.500000000250212073E-01  1.983452436602013644E-11  2.500000000043091641E-01  5.000000000008727463E-01
  2.740482637581885261E-01  1.000000000000000000E+00  6.689556764515096560E-13  0.000000000000000000E+00  0.000000000000000000E+00  7.500000000250185428E-01  5.653160459735893165E-12  2.500000000161157754E-01  5.000000000032496228E-01
  3.133026275899628565E-01  1.000000000000004885E+00  6.689556684576362163E-13  0.000000000000000000E+00  0.000000000000000000E+00  7.500000000250053311E-01  3.247082810154141270E-13  2.500000000205495621E-01  5.000000000041435744E-01
  3.525570028049758164E-01  9.999999999999962252E-01  6.689556855571138390E-13  0.000000000000000000E+00  0.000000000000000000E+00  7.500000000250164334E-01  1.072607735123434609E-11  2.500000000118911547E-01  5.000000000023949731E-01
  3.918114370472025043E-01  9.999999999999952260E-01  6.689556686164548939E-13  0.000000000000000000E+00  0.000000000000000000E+00  7.500000000250111043E-01  2.343070784972907573E-11  2.500000000013199997E-01  5.000000000002696732E-01
  4.310659061605483511E-01  9.999999999999973355E-01  6.689556948744762588E-13  0.000000000000000000E+00  0.000000000000000000E+00  7.500000000250162113E-01  2.203964054249425995E-11  2.500000000024752422E-01  5.000000000004994893E-01
  4.703203298832315804E-01  9.999999999999940048E-01  6.689556451112906076E-13  0.000000000000000000E+00  0.000000000000000000E+00  7.500000000250184318E-01  8.348666949803829013E-12  2.500000000138735134E-01  5.000000000027953195E-01
  5.095746990788875275E-01  9.999999999999924505E-01  6.689556760412280722E-13  0.000000000000000000E+00  0.000000000000000000E+00  7.500000000250176546E-01  2.958137518598627449E-14  2.500000000207966977E-01  5.000000000041897597E-01
  5.488290670655222581E-01  1.000000000000001554E+00  6.689556976273333374E-13  0.000000000000000000E+00  0.000000000000000000E+00  7.500000000250166554E-01  7.819590668804881482E-12  2.500000000143117740E-01  5.000000000028819169E-01
  5.880834882567175237E-01  9.999999999999946709E-01  6.689556508287630016E-13  0.000000000000000000E+00  0.000000000000000000E+00  7.500000000250168775E-01  2.166272058659660401E-11  2.500000000027899905E-01  5.000000000005609957E-01
  6.273379569991034410E-01  9.999999999999994449E-01  6.689556842865644181E-13  0.000000000000000000E+00  0.000000000000000000E+00  7.500000000250186538E-01  2.369034522993336898E-11  2.500000000011036172E-01  5.000000000002211564E-01
  6.665923936935784777E-01  9.999999999999968914E-01  6.689556910628279961E-13  0.000000000000000000E+00  0.000000000000000000E+00  7.500000000250097720E-01  1.128546814172366389E-11  2.500000000114278031E-01  5.000000000023022695E-01
  7.058467705808416648E-01  9.999999999999960032E-01  6.689556740692294918E-13  0.000000000000000000E+00  0.000000000000000000E+00  7.500000000250146570E-01  4.599664507190869063E-13  2.500000000204378736E-01  5.000000000041157078E-01
  7.451011336996103962E-01  1.000000000000001776E+00  6.689556569697518692E-13  0.000000000000000000E+00  0.000000000000000000E+00  7.500000000250199861E-01  5.186363519746552242E-12  2.500000000165036318E-01  5.000000000033224534E-01
  7.843555418125028877E-01  1.000000000000006661E+00  6.689557274852447281E-13  0.000000000000000000E+00  0.000000000000000000E+00  7.500000000250139909E-01  1.936304866189365400E-11  2.500000000047042370E-01  5.000000000009505730E-01
  8.236100063174005559E-01  9.999999999999977796E-01  6.689556440524994235E-13  0.000000000000000000E+00  0.000000000000000000E+00  7.500000000250141019E-01  2.469072769672681808E-11  2.500000000002715606E-01  5.000000000000518474E-01
  8.628644549321224932E-01  9.999999999999971134E-01  6.689556914863444698E-13  0.000000000000000000E+00  0.000000000000000000E+00  7.500000000250194310E-01  1.429271959499028996E-11  2.500000000089220853E-01  5.000000000017978952E-01
  9.021188415595151611E-01  9.999999999999986677E-01  6.689556887334873912E-13  0.000000000000000000E+00  0.000000000000000000E+00  7.500000000250196530E-01  1.590604561940309641E-12  2.500000000194954053E-01  5.000000000039268588E-01
  9.413732023403607041E-01  1.000000000000002220E+00  6.689556768750261296E-13  0.000000000000000000E+00  0.000000000000000000E+00  7.500000000250147680E-01  2.979318383817266856E-12  2.500000000183393301E-01  5.000000000036954884E-01
  9.806275980686919302E-01  1.000000000000003331E+00  6.689556673459054730E-13  0.000000000000000000E+00  0.000000000000000000E+00  7.500000000250106602E-01  1.666540564973680923E-11  2.500000000069491635E-01  5.000000000014042101E-01
  1.019882054901139812E+00  9.999999999999991118E-01  6.689556792043667346E-13  0.000000000000000000E+00  0.000000000000000000E+00  7.500000000250129917E-01  2.498270070498745215E-11  2.500000000000293099E-01  5.000000000000039968E-01
  1.059136513454189243E+00  1.000000000000004441E+00  6.689556720045866829E-13  0.000000000000000000E+00  0.000000000000000000E+00  7.500000000250137688E-01  1.719551933555118655E-11  2.500000000065060735E-01  5.000000000013131718E-01
  1.098390911495606526E+00  1.000000000000003109E+00  6.689556868276632599E-13  0.000000000000000000E+00  0.000000000000000000E+00  7.500000000250083287E-01  3.355538286373049496E-12  2.500000000180295778E-01  5.000000000036333159E-01
  1.137645272543799324E+00  1.000000000000005995E+00  6.689556748633228799E-13  0.000000000000000000E+00  0.000000000000000000E+00  7.500000000250162113E-01  1.326570604057548515E-12  2.500000000197172279E-01  5.000000000039747095E-01
  1.176899657174629743E+00  9.999999999999966693E-01  6.689556317705216883E-13  0.000000000000000000E+00  0.000000000000000000E+00  7.500000000250158783E-01  1.372660854219426591E-11  2.500000000093957064E-01  5.000000000018935964E-01
  1.216154103638238171E+00  9.999999999999970024E-01  6.689556821689820500E-13  0.000000000000000000E+00  0.000000000000000000E+00  7.500000000250208743E-01  2.454936879788937692E-11  2.500000000003891332E-01  5.000000000000766054E-01
  1.255408569269060415E+00  1.000000000000002665E+00  6.689556448995323708E-13  0.000000000000000000E+00  0.000000000000000000E+00  7.500000000250164334E-01  1.982507545751214734E-11  2.500000000043194892E-01  5.000000000008714141E-01
  1.294662979903315803E+00  9.999999999999891198E-01  6.689556686164548939E-13  0.000000000000000000E+00  0.000000000000000000E+00  7.500000000250146570E-01  5.651954661864973918E-12  2.500000000161203828E-01  5.000000000032446268E-01
  1.333917343816304113E+00  1.000000000000004441E+00  6.689556715281306501E-13  0.000000000000000000E+00  0.000000000000000000E+00  7.500000000250173215E-01  3.239869364562599942E-13  2.500000000205522821E-01  5.000000000041325832E-01
  1.373171719106883293E+00  1.000000000000006439E+00  6.689556914863444698E-13  0.000000000000000000E+00  0.000000000000000000E+00  7.500000000250159893E-01  1.071745702307040508E-11  2.500000000119014798E-01  5.000000000023989699E-01
  1.412426153402898787E+00  1.000000000000001332E+00  6.689556859806303126E-13  0.000000000000000000E+00  0.000000000000000000E+00  7.500000000250206522E-01  2.341600127730148578E-11  2.500000000013319346E-01  5.000000000002666756E-01
  1.451680622567588674E+00  9.999999999999971134E-01  6.689556783573337873E-13  0.000000000000000000E+00  0.000000000000000000E+00  7.500000000250132137E-01  2.202851631792049660E-11  2.500000000024881208E-01  5.000000000004999334E-01
  1.490935046359629368E+00  9.999999999999982236E-01  6.689556628989824999E-13  0.000000000000000000E+00  0.000000000000000000E+00  7.500000000250106602E-01  8.346169535624049594E-12  2.500000000138742351E-01  5.000000000027925440E-01
  1.530189415635497596E+00  9.999999999999972244E-01  6.689556695892192943E-13  0.000000000000000000E+00  0.000000000000000000E+00  7.500000000250108823E-01  2.962029372958453543E-14  2.500000000207978079E-01  5.000000000041875392E-01
  1.569443783700478878E+00  9.999999999999990008E-01  6.689556823807402868E-13  0.000000000000000000E+00  0.000000000000000000E+00  7.500000000250162113E-01  7.812802098259418516E-12  2.500000000143200451E-01  5.000000000028815839E-01
  1.608698204949887467E+00  9.999999999999897859E-01  6.689556516757959488E-13  0.000000000000000000E+00  0.000000000000000000E+00  7.500000000250099941E-01  2.164855392922558322E-11  2.500000000028026470E-01  5.000000000005677681E-01
  1.647952673741000407E+00  1.000000000000001110E+00  6.689556919098609434E-13  0.000000000000000000E+00  0.000000000000000000E+00  7.500000000250084398E-01  2.367777328985094612E-11  2.500000000011150525E-01  5.000000000002224887E-01
  1.687207110501688367E+00  9.999999999999995559E-01  6.689556605696418950E-13  0.000000000000000000E+00  0.000000000000000000E+00  7.500000000250164334E-01  1.128140509932340068E-11  2.500000000114322996E-01  5.000000000023022695E-01
  1.726461487467669143E+00  1.000000000000007327E+00  6.689556724281031565E-13  0.000000000000000000E+00  0.000000000000000000E+00  7.500000000250157672E-01  4.603437073205005095E-13  2.500000000204398720E-01  5.000000000041138204E-01
  1.765715850666717657E+00  1.000000000000000444E+00  6.689556561227189219E-13  0.000000000000000000E+00  0.000000000000000000E+00  7.500000000250139909E-01  5.181381485534648684E-12  2.500000000165119030E-01  5.000000000033248959E-01
  1.804970258842623521E+00  9.999999999999918954E-01  6.689556427819500026E-13  0.000000000000000000E+00  0.000000000000000000E+00  7.500000000250123255E-01  1.934982592249589672E-11  2.500000000047146731E-01  5.000000000009440226E-01
  1.844224723395036403E+00  9.999999999999967804E-01  6.689556432054664763E-13  0.000000000000000000E+00  0.000000000000000000E+00  7.500000000250151011E-01  2.467701981073088896E-11  2.500000000002861600E-01  5.000000000000492939E-01
  1.883479172072427321E+00  1.000000000000001998E+00  6.689556351586534774E-13  0.000000000000000000E+00  0.000000000000000000E+00  7.500000000250146570E-01  1.428690805566680136E-11  2.500000000089301344E-01  5.000000000017962298E-01
  1.922733558776664298E+00  1.000000000000001776E+00  6.689556705222790252E-13  0.000000000000000000E+00  0.000000000000000000E+00  7.500000000250129917E-01  1.590878701494227903E-12  2.500000000195006233E-01  5.000000000039267478E-01
  1.961987919638847222E+00  1.000000000000000000E+00  6.689556654400813417E-13  0.000000000000000000E+00  0.000000000000000000E+00  7.500000000250152121E-01  2.976012681975368019E-12  2.500000000183463800E-01  5.000000000036948222E-01
  2.001242315434953678E+00  1.000000000000001110E+00  6.689556779338173137E-13  0.000000000000000000E+00  0.000000000000000000E+00  7.500000000250157672E-01  1.665347589942203531E-11  2.500000000069614869E-01  5.000000000013969936E-01
  2.040496772315366858E+00  9.999999999999968914E-01  6.689556817454655763E-13  0.000000000000000000E+00  0.000000000000000000E+00  7.500000000250151011E-01  2.496823464749181631E-11  2.500000000000451306E-01  5.000000000000077716E-01
  2.079751230927215921E+00  1.000000000000000000E+00  6.689556923333774170E-13  0.000000000000000000E+00  0.000000000000000000E+00  7.500000000250165444E-01  1.718787817669222556E-11  2.500000000065173422E-01  5.000000000013111734E-01
  2.119005629043273942E+00  1.000000000000002887E+00  6.689556749692019983E-13  0.000000000000000000E+00  0.000000000000000000E+00  7.500000000250137688E-01  3.355273998334139820E-12  2.500000000180326865E-01  5.000000000036289860E-01
  2.158259990173082343E+00  1.000000000000002220E+00  6.689556668165098810E-13  0.000000000000000000E+00  0.000000000000000000E+00  7.500000000250121035E-01  1.324713652924310055E-12  2.500000000197216132E-01  5.000000000039739323E-01
  2.197514374875933818E+00  9.999999999999931166E-01  6.689556779338173137E-13  0.000000000000000000E+00  0.000000000000000000E+00  7.500000000250159893E-01  1.371624565225758083E-11  2.500000000094065311E-01  5.000000000018899327E-01
  2.236768821389712336E+00  9.999999999999978906E-01  6.689556728516196302E-13  0.000000000000000000E+00  0.000000000000000000E+00  7.500000000250094390E-01  2.453456636143235263E-11  2.500000000004036771E-01  5.000000000000769385E-01
  2.276023287075410018E+00  1.000000000000006217E+00  6.689556986861245214E-13  0.000000000000000000E+00  0.000000000000000000E+00  7.500000000250170995E-01  1.981562997936056745E-11  2.500000000043316462E-01  5.000000000008695267E-01
  2.315277697781822575E+00  9.999999999999997780E-01  6.689556692517296043E-13  0.000000000000000000E+00  0.000000000000000000E+00  7.500000000250177656E-01  5.650748083118402925E-12  2.500000000161228808E-01  5.000000000032389647E-01
  2.354532061776014373E+00  9.999999999999971134E-01  6.689556650695044273E-13  0.000000000000000000E+00  0.000000000000000000E+00  7.500000000250137688E-01  3.232670255322226615E-13  2.500000000205555573E-01  5.000000000041376902E-01
  2.393786437142158885E+00  9.999999999999871214E-01  6.689556398173346873E-13  0.000000000000000000E+00  0.000000000000000000E+00  7.500000000250156562E-01  1.070884376781343868E-11  2.500000000119108612E-01  5.000000000023953062E-01
  2.433040871491944923E+00  9.999999999999985567E-01  6.689556330410711092E-13  0.000000000000000000E+00  0.000000000000000000E+00  7.500000000250113263E-01  2.340130376587973135E-11  2.500000000013461454E-01  5.000000000002687850E-01
  2.472295340707963529E+00  1.000000000000002665E+00  6.689556622637077895E-13  0.000000000000000000E+00  0.000000000000000000E+00  7.500000000250162113E-01  2.201739676614934115E-11  2.500000000024986679E-01  5.000000000004980460E-01
  2.511549764569363408E+00  9.999999999999940048E-01  6.689556798396414450E-13  0.000000000000000000E+00  0.000000000000000000E+00  7.500000000250213184E-01  8.343671734809292057E-12  2.500000000138783984E-01  5.000000000027913227E-01
  2.550804133925433259E+00  1.000000000000000000E+00  6.689556661018258317E-13  0.000000000000000000E+00  0.000000000000000000E+00  7.500000000250144350E-01  2.965972169892864443E-14  2.500000000207998063E-01  5.000000000041830983E-01
  2.590058502068748769E+00  9.999999999999922284E-01  6.689556578167848164E-13  0.000000000000000000E+00  0.000000000000000000E+00  7.500000000250144350E-01  7.806019540637373308E-12  2.500000000143260959E-01  5.000000000028835823E-01
  2.629312923376370570E+00  1.000000000000001110E+00  6.689556686164548939E-13  0.000000000000000000E+00  0.000000000000000000E+00  7.500000000250165444E-01  2.163439647411070932E-11  2.500000000028171354E-01  5.000000000005673240E-01
  2.668567392216211420E+00  1.000000000000005329E+00  6.689556758162349456E-13  0.000000000000000000E+00  0.000000000000000000E+00  7.500000000250195420E-01  2.366520722898726491E-11  2.500000000011278201E-01  5.000000000002187139E-01
  2.707821829043095985E+00  9.999999999999942268E-01  6.689556762397514192E-13  0.000000000000000000E+00  0.000000000000000000E+00  7.500000000250186538E-01  1.127734233651904763E-11  2.500000000114378507E-01  5.000000000023037128E-01
  2.747076206087795125E+00  9.999999999999917843E-01  6.689556680870593019E-13  0.000000000000000000E+00  0.000000000000000000E+00  7.500000000250024446E-01  4.607207576555177028E-13  2.500000000204403716E-01  5.000000000041120440E-01
  2.786330569367091226E+00  1.000000000000006217E+00  6.689556787808502610E-13  0.000000000000000000E+00  0.000000000000000000E+00  7.500000000250129917E-01  5.176404297678721674E-12  2.500000000165174541E-01  5.000000000033189007E-01
  2.825584977606007797E+00  1.000000000000002665E+00  6.689556436289829499E-13  0.000000000000000000E+00  0.000000000000000000E+00  7.500000000250166554E-01  1.933661221974718946E-11  2.500000000047296056E-01  5.000000000009501289E-01
  2.864839442205923792E+00  1.000000000000001776E+00  6.689557147797505193E-13  0.000000000000000000E+00  0.000000000000000000E+00  7.500000000250187648E-01  2.466331889106137496E-11  2.500000000002957079E-01  5.000000000000541789E-01
  2.904093890945969036E+00  9.999999999999986677E-01  6.689556550639277378E-13  0.000000000000000000E+00  0.000000000000000000E+00  7.500000000250088839E-01  1.428109768932331012E-11  2.500000000089371843E-01  5.000000000017962298E-01
  2.943348277727045215E+00  9.999999999999900080E-01  6.689556655459604601E-13  0.000000000000000000E+00  0.000000000000000000E+00  7.500000000250134358E-01  1.591152168154077943E-12  2.500000000194992911E-01  5.000000000039211967E-01
  2.982602638670555084E+00  9.999999999999962252E-01  6.689556468053565021E-13  0.000000000000000000E+00  0.000000000000000000E+00  7.500000000250168775E-01  2.972710635875377015E-12  2.500000000183505433E-01  5.000000000036892711E-01
  3.021857034534394693E+00  9.999999999999977796E-01  6.689556605696418950E-13  0.000000000000000000E+00  0.000000000000000000E+00  7.500000000250222065E-01  1.664155475654611453E-11  2.500000000069741435E-01  5.000000000014016566E-01
  3.061111491462782830E+00  9.999999999999953371E-01  6.689556711575537357E-13  0.000000000000000000E+00  0.000000000000000000E+00  7.500000000250230947E-01  2.495377647937928632E-11  2.500000000000578426E-01  5.000000000000042188E-01
  3.100365950133433302E+00  9.999999999999931166E-01  6.689556559109606851E-13  0.000000000000000000E+00  0.000000000000000000E+00  7.500000000250102161E-01  1.718023926349487319E-11  2.500000000065258909E-01  5.000000000013062884E-01
  3.139620348324141386E+00  9.999999999999990008E-01  6.689556607814001318E-13  0.000000000000000000E+00  0.000000000000000000E+00  7.500000000250186538E-01  3.355008846847735452E-12  2.500000000180342408E-01  5.000000000036237680E-01
  3.178874709535563170E+00  1.000000000000000666E+00  6.689556630048616183E-13  0.000000000000000000E+00  0.000000000000000000E+00  7.500000000250162113E-01  1.322859194732113822E-12  2.500000000197242223E-01  5.000000000039701575E-01
  3.218129094310405502E+00  9.999999999999962252E-01  6.689556626872242631E-13  0.000000000000000000E+00  0.000000000000000000E+00  7.500000000250155452E-01  1.370589069057715254E-11  2.500000000094183550E-01  5.000000000018904878E-01
  3.257383540874352335E+00  9.999999999999987788E-01  6.689556512522794752E-13  0.000000000000000000E+00  0.000000000000000000E+00  7.500000000250126586E-01  2.451977251861693487E-11  2.500000000004184986E-01  5.000000000000757172E-01
  3.296638006614921679E+00  9.999999999999952260E-01  6.689556698870043148E-13  0.000000000000000000E+00  0.000000000000000000E+00  7.500000000250154342E-01  1.980618794051482217E-11  2.500000000043399173E-01  5.000000000008709700E-01
  3.335892417393482745E+00  9.999999999999908962E-01  6.689556476523894494E-13  0.000000000000000000E+00  0.000000000000000000E+00  7.500000000250168775E-01  5.649540743788257510E-12  2.500000000161249347E-01  5.000000000032398528E-01
  3.375146781468870927E+00  9.999999999999917843E-01  6.689556582932408492E-13  0.000000000000000000E+00  0.000000000000000000E+00  7.500000000250135468E-01  3.225485387667648452E-13  2.500000000205607198E-01  5.000000000041346926E-01
  3.414401156910563007E+00  1.000000000000004663E+00  6.689556643812901576E-13  0.000000000000000000E+00  0.000000000000000000E+00  7.500000000250124366E-01  1.070023755128247150E-11  2.500000000119187993E-01  5.000000000023958613E-01
  3.453655591314079842E+00  1.000000000000005107E+00  6.689556559109606851E-13  0.000000000000000000E+00  0.000000000000000000E+00  7.500000000250122145E-01  2.338661528120448272E-11  2.500000000013610224E-01  5.000000000002675637E-01
  3.492910060581422282E+00  9.999999999999960032E-01  6.689556880982126807E-13  0.000000000000000000E+00  0.000000000000000000E+00  7.500000000250142129E-01  2.200628188324994408E-11  2.500000000025084379E-01  5.000000000004987122E-01
  3.532164484512177349E+00  9.999999999999971134E-01  6.689556724281031565E-13  0.000000000000000000E+00  0.000000000000000000E+00  7.500000000250111043E-01  8.341173557719610681E-12  2.500000000138842271E-01  5.000000000027907676E-01
  3.571418853948443051E+00  1.000000000000001776E+00  6.689556611850642707E-13  0.000000000000000000E+00  0.000000000000000000E+00  7.500000000250079957E-01  2.969965661899142330E-14  2.500000000208026929E-01  5.000000000041808779E-01
  3.610673222170063479E+00  9.999999999999908962E-01  6.689556851335973654E-13  0.000000000000000000E+00  0.000000000000000000E+00  7.500000000250151011E-01  7.799242984766513310E-12  2.500000000143360879E-01  5.000000000028813618E-01
  3.649927643535848532E+00  9.999999999999938938E-01  6.689556974155751005E-13  0.000000000000000000E+00  0.000000000000000000E+00  7.500000000250166554E-01  2.162024821180854594E-11  2.500000000028318459E-01  5.000000000005622169E-01
  3.689182112424398419E+00  9.999999999999916733E-01  6.689556084771156388E-13  0.000000000000000000E+00  0.000000000000000000E+00  7.500000000250148791E-01  2.365264704820173692E-11  2.500000000011397550E-01  5.000000000002280398E-01
  3.728436549317471371E+00  1.000000000000005329E+00  6.689556677694219466E-13  0.000000000000000000E+00  0.000000000000000000E+00  7.500000000250173215E-01  1.127327985799402866E-11  2.500000000114447340E-01  5.000000000022966073E-01
  3.767690926440888433E+00  9.999999999999962252E-01  6.689556595637902701E-13  0.000000000000000000E+00  0.000000000000000000E+00  7.500000000250173215E-01  4.610975988460125172E-13  2.500000000204436468E-01  5.000000000041113779E-01
  3.806945289800408805E+00  9.999999999999945599E-01  6.689556645930483944E-13  0.000000000000000000E+00  0.000000000000000000E+00  7.500000000250132137E-01  5.171431967735891547E-12  2.500000000165229497E-01  5.000000000033200109E-01
  3.846199698102290565E+00  1.000000000000000000E+00  6.689556512522794752E-13  0.000000000000000000E+00  0.000000000000000000E+00  7.500000000250169885E-01  1.932340758369155926E-11  2.500000000047433169E-01  5.000000000009509060E-01
  3.885454162749701901E+00  9.999999999999952260E-01  6.689556495582135807E-13  0.000000000000000000E+00  0.000000000000000000E+00  7.500000000250188759E-01  2.464962496189762164E-11  2.500000000003109180E-01  5.000000000000539568E-01
  3.924708611552405468E+00  9.999999999999980016E-01  6.689556758162349456E-13  0.000000000000000000E+00  0.000000000000000000E+00  7.500000000250146570E-01  1.427528849773017984E-11  2.500000000089431795E-01  5.000000000017894575E-01
  3.963962998410323735E+00  9.999999999999955591E-01  6.689556577109056980E-13  0.000000000000000000E+00  0.000000000000000000E+00  7.500000000250190979E-01  1.591424954322191900E-12  2.500000000195042871E-01  5.000000000039231951E-01
  4.003217359435145006E+00  1.000000000000000888E+00  6.689556694634878412E-13  0.000000000000000000E+00  0.000000000000000000E+00  7.500000000250128807E-01  2.969412255605411688E-12  2.500000000183540960E-01  5.000000000036877168E-01
  4.042471755366662478E+00  9.999999999999943379E-01  6.689556487111806334E-13  0.000000000000000000E+00  0.000000000000000000E+00  7.500000000250163223E-01  1.662964225240899905E-11  2.500000000069850792E-01  5.000000000013983259E-01
  4.081726212343003368E+00  1.000000000000004219E+00  6.689555923834896410E-13  0.000000000000000000E+00  0.000000000000000000E+00  7.500000000250124366E-01  2.493932622478255607E-11  2.500000000000704992E-01  5.000000000000042188E-01
  4.120980671072427270E+00  9.999999999999955591E-01  6.689556292294228466E-13  0.000000000000000000E+00  0.000000000000000000E+00  7.500000000250122145E-01  1.717260259134449884E-11  2.500000000065344952E-01  5.000000000013103962E-01
  4.160235069337775649E+00  9.999999999999973355E-01  6.689556762397514192E-13  0.000000000000000000E+00  0.000000000000000000E+00  7.500000000250170995E-01  3.354742818075614058E-12  2.500000000180366277E-01  5.000000000036226577E-01
  4.199489430630809927E+00  9.999999999999948930E-01  6.689556517816750672E-13  0.000000000000000000E+00  0.000000000000000000E+00  7.500000000250137688E-01  1.321007240601552747E-12  2.500000000197270533E-01  5.000000000039624970E-01
  4.238743815477575616E+00  1.000000000000001776E+00  6.689557207089811500E-13  0.000000000000000000E+00  0.000000000000000000E+00  7.500000000250153231E-01  1.369554369429384453E-11  2.500000000094271257E-01  5.000000000018900437E-01
  4.277998262091643689E+00  1.000000000000003553E+00  6.689556334645875828E-13  0.000000000000000000E+00  0.000000000000000000E+00  7.500000000250178767E-01  2.450498729419773456E-11  2.500000000004337641E-01  5.000000000000792699E-01
  4.317252727887070485E+00  9.999999999999940048E-01  6.689556631107407367E-13  0.000000000000000000E+00  0.000000000000000000E+00  7.500000000250148791E-01  1.979674933082165398E-11  2.500000000043505199E-01  5.000000000008706369E-01
  4.356507138737791607E+00  1.000000000000000444E+00  6.689556434172247131E-13  0.000000000000000000E+00  0.000000000000000000E+00  7.500000000250131027E-01  5.648332620864066974E-12  2.500000000161288760E-01  5.000000000032390757E-01
  4.395761502894377060E+00  1.000000000000000666E+00  6.689556591402737965E-13  0.000000000000000000E+00  0.000000000000000000E+00  7.500000000250146570E-01  3.218314809597762804E-13  2.500000000205599426E-01  5.000000000041332493E-01
  4.435015878411557644E+00  9.999999999999995559E-01  6.689556432054664763E-13  0.000000000000000000E+00  0.000000000000000000E+00  7.500000000250137688E-01  1.069163841220802883E-11  2.500000000119288468E-01  5.000000000023946400E-01
  4.474270312868750210E+00  1.000000000000002665E+00  6.689556732751361038E-13  0.000000000000000000E+00  0.000000000000000000E+00  7.500000000250155452E-01  2.337193585433371585E-11  2.500000000013737900E-01  5.000000000002701173E-01
  4.513524782187414708E+00  1.000000000000002665E+00  6.689556368527193719E-13  0.000000000000000000E+00  0.000000000000000000E+00  7.500000000250189869E-01  2.199517166403224467E-11  2.500000000025205948E-01  5.000000000004984901E-01
  4.552779206187533845E+00  1.000000000000000666E+00  6.689556612049166054E-13  0.000000000000000000E+00  0.000000000000000000E+00  7.500000000250182097E-01  8.338674986030040378E-12  2.500000000138889455E-01  5.000000000027855496E-01
  4.592033575703997172E+00  1.000000000000005329E+00  6.689556625019358059E-13  0.000000000000000000E+00  0.000000000000000000E+00  7.500000000250198751E-01  2.974009534421010004E-14  2.500000000208053574E-01  5.000000000041808779E-01
  4.631287944003885215E+00  9.999999999999977796E-01  6.689556677694219466E-13  0.000000000000000000E+00  0.000000000000000000E+00  7.500000000250088839E-01  7.792472445784414984E-12  2.500000000143429713E-01  5.000000000028779201E-01
  4.670542365427777121E+00  1.000000000000004219E+00  6.689556148298627433E-13  0.000000000000000000E+00  0.000000000000000000E+00  7.500000000250099941E-01  2.160610915312443710E-11  2.500000000028447245E-01  5.000000000005668799E-01
  4.709796834365032936E+00  1.000000000000000444E+00  6.689557029212892577E-13  0.000000000000000000E+00  0.000000000000000000E+00  7.500000000250119925E-01  2.364009273644065069E-11  2.500000000011526335E-01  5.000000000002207123E-01
  4.749051271324304047E+00  9.999999999999940048E-01  6.689556605696418950E-13  0.000000000000000000E+00  0.000000000000000000E+00  7.500000000250204302E-01  1.126921764293612735E-11  2.500000000114500076E-01  5.000000000022974955E-01
  4.788305648526434588E+00  1.000000000000006883E+00  6.689556638518945656E-13  0.000000000000000000E+00  0.000000000000000000E+00  7.500000000250179877E-01  4.614742244412145223E-13  2.500000000204438133E-01  5.000000000041058268E-01
  4.827560011966138376E+00  1.000000000000001776E+00  6.689556321940381620E-13  0.000000000000000000E+00  0.000000000000000000E+00  7.500000000250188759E-01  5.166464495629566548E-12  2.500000000165299441E-01  5.000000000033181236E-01
  4.866814420330936031E+00  1.000000000000000666E+00  6.689556491346971070E-13  0.000000000000000000E+00  0.000000000000000000E+00  7.500000000250155452E-01  1.931021200420606671E-11  2.500000000047546411E-01  5.000000000009467982E-01
  4.906068885025796078E+00  9.999999999999953371E-01  6.689557190149152555E-13  0.000000000000000000E+00  0.000000000000000000E+00  7.500000000250139909E-01  2.463593801232767885E-11  2.500000000003254619E-01  5.000000000000522915E-01
  4.945323333891150419E+00  9.999999999999955591E-01  6.689556487111806334E-13  0.000000000000000000E+00  0.000000000000000000E+00  7.500000000250121035E-01  1.426948047808138124E-11  2.500000000089522834E-01  5.000000000017948976E-01
  4.984577720825937419E+00  9.999999999999995559E-01  6.689556651224439865E-13  0.000000000000000000E+00  0.000000000000000000E+00  7.500000000250197640E-01  1.591697058566781526E-12  2.500000000195055083E-01  5.000000000039196424E-01
  5.023832081932045668E+00  9.999999999999955591E-01  6.689556546404112642E-13  0.000000000000000000E+00  0.000000000000000000E+00  7.500000000250128807E-01  2.966117534505660789E-12  2.500000000183624227E-01  5.000000000036879388E-01
  5.063086477931184604E+00  1.000000000000000000E+00  6.689556334645875828E-13  0.000000000000000000E+00  0.000000000000000000E+00  7.500000000250182097E-01  1.661773837569073509E-11  2.500000000069965700E-01  5.000000000013975487E-01
  5.102340934955441831E+00  1.000000000000005329E+00  6.689556580285430532E-13  0.000000000000000000E+00  0.000000000000000000E+00  7.500000000250184318E-01  2.492488387768106577E-11  2.500000000000869305E-01  5.000000000000037748E-01
  5.141595393743651599E+00  1.000000000000001110E+00  6.689556254177745839E-13  0.000000000000000000E+00  0.000000000000000000E+00  7.500000000250115484E-01  1.716496817223365102E-11  2.500000000065429329E-01  5.000000000013098411E-01
  5.180849792083670025E+00  1.000000000000003553E+00  6.689556603578836582E-13  0.000000000000000000E+00  0.000000000000000000E+00  7.500000000250129917E-01  3.354475921129314680E-12  2.500000000180403470E-01  5.000000000036234349E-01
  5.220104153458267504E+00  1.000000000000003553E+00  6.689556587696968821E-13  0.000000000000000000E+00  0.000000000000000000E+00  7.500000000250117704E-01  1.319157774949291701E-12  2.500000000197341032E-01  5.000000000039614978E-01
  5.259358538376899261E+00  9.999999999999915623E-01  6.689556525228288961E-13  0.000000000000000000E+00  0.000000000000000000E+00  7.500000000250163223E-01  1.368520462861947108E-11  2.500000000094390051E-01  5.000000000018927082E-01
  5.298612985041049939E+00  9.999999999999984457E-01  6.689556796278832082E-13  0.000000000000000000E+00  0.000000000000000000E+00  7.500000000250106602E-01  2.449021066333255011E-11  2.500000000004485301E-01  5.000000000000720535E-01
  5.337867450891328858E+00  1.000000000000004441E+00  6.689556533698618433E-13  0.000000000000000000E+00  0.000000000000000000E+00  7.500000000250113263E-01  1.978731416050809133E-11  2.500000000043632875E-01  5.000000000008676393E-01
  5.377121861814204706E+00  9.999999999999975575E-01  6.689556457465653180E-13  0.000000000000000000E+00  0.000000000000000000E+00  7.500000000250142129E-01  5.647123736581707150E-12  2.500000000161324842E-01  5.000000000032345238E-01
  5.416376226051968779E+00  1.000000000000004441E+00  6.689556621048891119E-13  0.000000000000000000E+00  0.000000000000000000E+00  7.500000000250151011E-01  3.211158396526667302E-13  2.500000000205629402E-01  5.000000000041286974E-01
  5.455630601644576139E+00  9.999999999999975575E-01  6.689556457465653180E-13  0.000000000000000000E+00  0.000000000000000000E+00  7.500000000250154342E-01  1.068304630088353198E-11  2.500000000119400045E-01  5.000000000023910873E-01
  5.494885036155393365E+00  1.000000000000003997E+00  6.689556233001922158E-13  0.000000000000000000E+00  0.000000000000000000E+00  7.500000000250119925E-01  2.335726544618883691E-11  2.500000000013908874E-01  5.000000000002646772E-01
  5.534139505525352831E+00  1.000000000000005551E+00  6.689556931804103643E-13  0.000000000000000000E+00  0.000000000000000000E+00  7.500000000250214294E-01  2.198406611595709537E-11  2.500000000025335845E-01  5.000000000004964917E-01
  5.573393929594814722E+00  9.999999999999937828E-01  6.689556650165648681E-13  0.000000000000000000E+00  0.000000000000000000E+00  7.500000000250166554E-01  8.336176045859177343E-12  2.500000000138932199E-01  5.000000000027864377E-01
  5.612648299191475232E+00  9.999999999999895639E-01  6.689556614365271769E-13  0.000000000000000000E+00  0.000000000000000000E+00  7.500000000250162113E-01  2.978103524013411594E-14  2.500000000208096318E-01  5.000000000041723291E-01
  5.651902667569554062E+00  9.999999999999987788E-01  6.689556635342572104E-13  0.000000000000000000E+00  0.000000000000000000E+00  7.500000000250126586E-01  7.785707883770936456E-12  2.500000000143526302E-01  5.000000000028741454E-01
  5.691157089051491091E+00  1.000000000000000222E+00  6.689556800513996818E-13  0.000000000000000000E+00  0.000000000000000000E+00  7.500000000250108823E-01  2.159197925698545972E-11  2.500000000028602676E-01  5.000000000005626610E-01
  5.730411558037399544E+00  1.000000000000003553E+00  6.689556508287630016E-13  0.000000000000000000E+00  0.000000000000000000E+00  7.500000000250155452E-01  2.362754429451354139E-11  2.500000000011673440E-01  5.000000000002213785E-01
  5.769665995062836394E+00  9.999999999999980016E-01  6.689556698870043148E-13  0.000000000000000000E+00  0.000000000000000000E+00  7.500000000250146570E-01  1.126515572036692705E-11  2.500000000114561693E-01  5.000000000022958302E-01
  5.808920372343703065E+00  9.999999999999982236E-01  6.689556623695869079E-13  0.000000000000000000E+00  0.000000000000000000E+00  7.500000000250164334E-01  4.618506406382988693E-13  2.500000000204487538E-01  5.000000000041029402E-01
  5.848174735863560514E+00  1.000000000000001776E+00  6.689556514640377120E-13  0.000000000000000000E+00  0.000000000000000000E+00  7.500000000250152121E-01  5.161501849587853248E-12  2.500000000165413239E-01  5.000000000033196779E-01
  5.887429144291195904E+00  9.999999999999944489E-01  6.689556974155751005E-13  0.000000000000000000E+00  0.000000000000000000E+00  7.500000000250170995E-01  1.929702543594799229E-11  2.500000000047705173E-01  5.000000000009485746E-01
  5.926683609033503330E+00  1.000000000000007772E+00  6.689556804749161555E-13  0.000000000000000000E+00  0.000000000000000000E+00  7.500000000250131027E-01  2.462225800793994453E-11  2.500000000003408385E-01  5.000000000000514033E-01
  5.965938057961481356E+00  1.000000000000001998E+00  6.689556457465653180E-13  0.000000000000000000E+00  0.000000000000000000E+00  7.500000000250162113E-01  1.426367362624901649E-11  2.500000000089608876E-01  5.000000000017941204E-01
  6.005192444973129540E+00  1.000000000000006439E+00  6.689556643812901576E-13  0.000000000000000000E+00  0.000000000000000000E+00  7.500000000250153231E-01  1.591968484595484997E-12  2.500000000195079508E-01  5.000000000039134251E-01
  6.044446806160454599E+00  9.999999999999968914E-01  6.689556597226089477E-13  0.000000000000000000E+00  0.000000000000000000E+00  7.500000000250177656E-01  2.962826457148107293E-12  2.500000000183670856E-01  5.000000000036813885E-01
  6.083701202227135951E+00  9.999999999999984457E-01  6.689556385467852664E-13  0.000000000000000000E+00  0.000000000000000000E+00  7.500000000250151011E-01  1.660584308713338250E-11  2.500000000070105588E-01  5.000000000013966606E-01
  6.122955659299292641E+00  9.999999999999977796E-01  6.689556931804103643E-13  0.000000000000000000E+00  0.000000000000000000E+00  7.500000000250147680E-01  2.491044939849898910E-11  2.500000000001039724E-01  5.000000000000029976E-01
  6.162210118146252746E+00  9.999999999999982236E-01  6.689556567579936323E-13  0.000000000000000000E+00  0.000000000000000000E+00  7.500000000250159893E-01  1.715733598519275839E-11  2.500000000065517591E-01  5.000000000013011814E-01
  6.201464516560935891E+00  9.999999999999948930E-01  6.689556533698618433E-13  0.000000000000000000E+00  0.000000000000000000E+00  7.500000000250131027E-01  3.354208151845967683E-12  2.500000000180422899E-01  5.000000000036179948E-01
  6.240718878017085913E+00  9.999999999999988898E-01  6.689556618401913159E-13  0.000000000000000000E+00  0.000000000000000000E+00  7.500000000250155452E-01  1.317310797702716103E-12  2.500000000197387107E-01  5.000000000039622750E-01
  6.279973263007520679E+00  1.000000000000000222E+00  6.689556448995323708E-13  0.000000000000000000E+00  0.000000000000000000E+00  7.500000000250124366E-01  1.367487349312777405E-11  2.500000000094504404E-01  5.000000000018857138E-01
  6.319227709721728203E+00  9.999999999999964473E-01  6.689556931804103643E-13  0.000000000000000000E+00  0.000000000000000000E+00  7.500000000250131027E-01  2.447544262193270853E-11  2.500000000004651834E-01  5.000000000000756062E-01
  6.358482175626810395E+00  9.999999999999948930E-01  6.689556830160149972E-13  0.000000000000000000E+00  0.000000000000000000E+00  7.500000000250124366E-01  1.977788242259035171E-11  2.500000000043716142E-01  5.000000000008663070E-01
  6.397736586621872057E+00  1.000000000000005773E+00  6.689556698870043148E-13  0.000000000000000000E+00  0.000000000000000000E+00  7.500000000250117704E-01  5.645914080367095621E-12  2.500000000161370917E-01  5.000000000032323033E-01
  6.436990950940801426E+00  9.999999999999964473E-01  6.689556617343121975E-13  0.000000000000000000E+00  0.000000000000000000E+00  7.500000000250159893E-01  3.204016173274589218E-13  2.500000000205691575E-01  5.000000000041274761E-01
